%
%
% Run:F31   Table:BUOYS             SWAN version:41.10
%
%       Dist          Depth         Hsig          RTpeak        Tm01          Tm02          Dspr          Dir         X-WForce      Y-WForce   
%       [m]           [m]           [m]           [sec]         [sec]         [sec]         [degr]        [degr]        [N/m2]        [N/m2]   
%
           0.       15.3763       3.18797        8.1401        6.6881        6.3380       35.2328         9.652       0.04214       0.12079 
        3426.       11.9419       2.95200        8.1401        6.5936        6.2155       31.1509         4.247      -0.36189       0.10151 
        5071.        6.0203       2.47978        8.1401        4.9477        4.4939       25.2471         1.592       1.80246      -0.23926 
        6596.        5.9488       2.43960        8.1401        4.8617        4.3978       24.7975         3.415       1.58572      -0.09507 
        9603.        4.1120       0.57201        2.8531        2.1088        1.8000       53.2519        30.075       0.01953      -0.00410 
       11422.        4.8793       1.22989        2.8531        2.7965        2.4674       33.0724        12.116       0.07093       0.17022 
       12736.        4.4435       1.38770        3.7975        3.1597        2.7496       30.8641        19.151      -0.08830       0.04679 
       19553.        5.8023       0.74916        3.7975        2.6957        2.3551       23.2538         2.144      -0.01952      -0.02935 
